07, 12, 0F, 15, 10, 20, 39, 20, 20, 13, 15, 12, 16, 09, 16, 01, 0C, 20, 08, 15, 0E, 14,
20, 20, 20, 20, 20, 20, 20, 20, 20, 20, 20, 20, 20, 20, 20, 20, 20, 20, 20, 20, 20, 20,
20, 20, 51, 20, 20, 20, 20, 20, 20, 4F, 45, 44, 44, 43, 43, 44, 44, 45, 50, 20, 20, 20,
20, 60, 61, 20, 2E, 2E, 20, 20, 20, 4D, 5C, 20, 66, 68, 68, 66, 20, 5C, 4E, 20, 20, 20,
20, 20, 7F, 45, 20, 20, 20, 20, 20, 4E, 20, 55, 49, 5C, 5C, 55, 49, 20, 4D, 20, 20, 20,
20, 20, 75, 20, 20, 20, 20, 20, 20, 4F, 20, 4A, 4B, 20, 20, 4A, 4B, 20, 50, 20, 20, 20,
20, 20, 74, 20, 20, 20, 20, 20, 20, 65, 66, 20, 20, 66, 66, 20, 20, 66, 20, 65, 20, 20,
20, 20, 77, 20, 20, 20, 20, 20, 20, 54, 20, 4D, 20, 6C, 7B, 20, 4E, 20, 20, 54, 20, 20,
20, 51, 20, 20, 20, 20, 20, 20, 20, 54, 40, 40, 66, 76, 61, 66, 40, 40, 20, 54, 20, 20,
60, 61, 20, 2E, 2E, 20, 20, 20, 20, 47, 20, 4E, 20, 5F, 69, 20, 4D, 20, 20, 47, 20, 20,
20, 7F, 45, 20, 20, 20, 20, 20, 20, 25, 20, 20, 6F, 6F, 6F, 6F, 20, 20, 25, 20, 20, 20,
20, 75, 20, 20, 20, 20, 20, 20, 20, 4D, 20, 74, 16, 20, 20, 16, 6A, 20, 4E, 20, 20, 20,
20, 74, 20, 20, 20, 20, 20, 20, 20, 67, 20, 74, 20, 20, 20, 20, 6A, 20, 65, 20, 20, 20,
20, 77, 20, 20, 20, 20, 20, 20, 20, 67, 66, 20, 77, 5F, 69, 77, 20, 66, 65, 20, 20, 20,
20, 20, 20, 20, 20, 20, 20, 20, 20, 20, 20, 20, 20, 20, 20, 20, 20, 20, 20, 20, 20, 20,
13, 03, 0F, 14, 14, 20, 10, 05, 14, 05, 12, 13, 20, 20, 20, 20, 20, 20, 20, 20, 20, 20,
13, 08, 01, 0E, 0B, 01, 12, 20, 07, 01, 0E, 05, 13, 08, 20, 20, 20, 20, 20, 20, 20, 20,
01, 02, 08, 09, 0E, 01, 16, 20, 13, 01, 18, 05, 0E, 01, 20, 20, 20, 20, 20, 20, 20, 20,
0E, 01, 1A, 0E, 09, 0E, 20, 13, 08, 09, 13, 08, 09, 12, 20, 20, 20, 20, 20, 20, 20, 20,
20, 20, 20, 20, 20, 20, 20, 20, 20, 20, 20, 20, 20, 20, 20, 20, 20, 20, 20, 20, 20, 20,
20, 20, 10, 12, 05, 13, 13, 20, 13, 10, 01, 03, 05, 20, 14, 0F, 20, 13, 14, 01, 12, 14,
20, 20, 20, 20, 20, 20, 20, 20, 20, 20, 20, 20, 20, 20, 20, 20, 20, 20, 20, 32, 30, 32,
20, 20, 20, 20, 20, 20, 20, 20, 20, 20, 20, 20, 20, 20, 20, 20, 20, 20, 20, 20, 20, 20,
